0.000000000000000000e+00 5.372934505948790962e-01 2.000000000000000111e-01
4.081632653061224164e-02 7.438617124783165613e-01 2.000000000000000111e-01
8.163265306122448328e-02 1.113811729179559951e+00 2.000000000000000111e-01
1.224489795918367319e-01 5.661432714249203801e-01 2.000000000000000111e-01
1.632653061224489666e-01 8.691463370101050190e-01 2.000000000000000111e-01
2.040816326530612013e-01 7.812633808623331566e-01 2.000000000000000111e-01
2.448979591836734637e-01 7.686604566428878460e-01 2.000000000000000111e-01
2.857142857142856984e-01 1.164577321997674275e+00 2.000000000000000111e-01
3.265306122448979331e-01 9.959705468098244419e-01 2.000000000000000111e-01
3.673469387755101678e-01 9.959380238330641788e-01 2.000000000000000111e-01
4.081632653061224025e-01 1.578611202692884685e+00 2.000000000000000111e-01
4.489795918367346372e-01 1.482968434480902875e+00 2.000000000000000111e-01
4.897959183673469274e-01 1.368180428954450356e+00 2.000000000000000111e-01
5.306122448979591066e-01 1.537440612104404636e+00 2.000000000000000111e-01
5.714285714285713969e-01 1.672500225874631763e+00 2.000000000000000111e-01
6.122448979591835760e-01 1.548952205723661546e+00 2.000000000000000111e-01
6.530612244897958663e-01 1.840646174466526785e+00 2.000000000000000111e-01
6.938775510204081565e-01 2.028750181963929755e+00 2.000000000000000111e-01
7.346938775510203357e-01 1.749637268969279180e+00 2.000000000000000111e-01
7.755102040816326259e-01 1.948524844654323296e+00 2.000000000000000111e-01
8.163265306122448051e-01 2.370508212718710706e+00 2.000000000000000111e-01
8.571428571428570953e-01 2.019692667747206016e+00 2.000000000000000111e-01
8.979591836734692745e-01 2.581076224247130124e+00 2.000000000000000111e-01
9.387755102040815647e-01 2.622786148075153090e+00 2.000000000000000111e-01
9.795918367346938549e-01 2.399042414501542098e+00 2.000000000000000111e-01
1.020408163265306145e+00 2.361470265443231131e+00 2.000000000000000111e-01
1.061224489795918213e+00 2.732362984257827865e+00 2.000000000000000111e-01
1.102040816326530503e+00 2.704530419330294144e+00 2.000000000000000111e-01
1.142857142857142794e+00 2.777839167906890339e+00 2.000000000000000111e-01
1.183673469387755084e+00 3.264468225211827779e+00 2.000000000000000111e-01
1.224489795918367152e+00 2.809539076486523790e+00 2.000000000000000111e-01
1.265306122448979442e+00 3.012343290923722439e+00 2.000000000000000111e-01
1.306122448979591733e+00 2.968983836089748252e+00 2.000000000000000111e-01
1.346938775510204023e+00 3.239971469701524942e+00 2.000000000000000111e-01
1.387755102040816313e+00 3.115149802595261086e+00 2.000000000000000111e-01
1.428571428571428381e+00 3.193513511911951763e+00 2.000000000000000111e-01
1.469387755102040671e+00 3.429384446766236660e+00 2.000000000000000111e-01
1.510204081632652962e+00 3.828096677562306649e+00 2.000000000000000111e-01
1.551020408163265252e+00 3.781438743428923832e+00 2.000000000000000111e-01
1.591836734693877320e+00 3.811082997025847519e+00 2.000000000000000111e-01
1.632653061224489610e+00 4.203528996681170860e+00 2.000000000000000111e-01
1.673469387755101900e+00 4.262790242414325803e+00 2.000000000000000111e-01
1.714285714285714191e+00 3.723674732443003954e+00 2.000000000000000111e-01
1.755102040816326481e+00 4.180965364836852771e+00 2.000000000000000111e-01
1.795918367346938549e+00 3.824174633605613494e+00 2.000000000000000111e-01
1.836734693877550839e+00 4.201872359369846599e+00 2.000000000000000111e-01
1.877551020408163129e+00 4.316768572466026299e+00 2.000000000000000111e-01
1.918367346938775420e+00 4.286954122725624927e+00 2.000000000000000111e-01
1.959183673469387710e+00 4.425419355425649570e+00 2.000000000000000111e-01
2.000000000000000000e+00 4.325208815269507845e+00 2.000000000000000111e-01
